<p><!--
QBlastInfoBegin
	Status=READY
QBlastInfoEnd
--><p>
<PRE>
# blastn
# Iteration: 0
# Query: 
# RID: 2UBHM9P3014
# Database: core_nt
# Fields: query acc.ver, subject acc.ver, % identity, alignment length, mismatches, gap opens, q. start, q. end, s. start, s. end, evalue, bit score
# 121 hits found
Query_2463447	NG_011713.1	100.000	980	0	0	1	980	3762	4741	0.0	1768
Query_2463447	XR_007063427.1	100.000	980	0	0	1	980	32853	31874	0.0	1768
Query_2463447	AY260957.1	100.000	980	0	0	1	980	636	1615	0.0	1768
Query_2463447	AC010202.6	100.000	980	0	0	1	980	82741	83720	0.0	1768
Query_2463447	AY790940.1	99.898	980	1	0	1	980	636	1615	0.0	1764
Query_2463447	AC021058.16	99.694	980	1	1	1	980	1557	580	0.0	1752
Query_2463447	XR_007082976.1	99.694	980	1	1	1	980	32858	31881	0.0	1752
Query_2463447	S85346.1	99.592	981	3	1	1	980	494	1474	0.0	1748
Query_2463447	AH002705.2	99.592	981	3	1	1	980	494	1474	0.0	1748
Query_2463447	XM_082349688.1	80.700	943	133	14	74	980	6490	7419	0.0	862
Query_2463447	XM_082349687.1	80.700	943	133	14	74	980	6490	7419	0.0	862
Query_2463447	XM_082419551.1	81.446	927	138	15	74	980	6483	7395	0.0	860
Query_2463447	XM_082419550.1	81.446	927	138	15	74	980	6480	7392	0.0	860
Query_2463447	DQ234266.1	78.387	930	144	15	69	980	554	1444	0.0	755
Query_2463447	X64400.1	78.044	1002	158	26	2	980	528	1490	0.0	755
Query_2463447	X17638.1	78.044	1002	158	26	2	980	528	1490	0.0	755
Query_2463447	FJ196583.1	78.457	933	143	19	69	980	566	1461	0.0	746
Query_2463447	OZ289218.1	77.860	944	148	17	56	980	51037256	51038157	0.0	739
Query_2463447	OZ289218.1	81.333	75	12	1	418	492	49651066	49650994	9.99e-07	70.7
Query_2463447	OZ289218.1	78.873	71	15	0	423	493	2526856	2526786	5.18e-04	61.7
Query_2463447	OZ289218.1	77.333	75	12	2	423	492	2526899	2526825	0.022	55.4
Query_2463447	OZ289218.1	77.027	74	13	2	423	492	2527471	2527398	0.27	52.7
Query_2463447	OZ289218.1	75.362	69	12	1	420	488	11332647	11332710	3.3	49.1
Query_2463447	X69472.1	78.065	930	143	17	69	980	158	1044	0.0	737
Query_2463447	OZ291595.1	77.648	944	148	17	56	980	50533139	50534038	0.0	732
Query_2463447	OZ291595.1	81.333	75	12	1	418	492	49148421	49148349	9.99e-07	70.7
Query_2463447	OZ291595.1	78.873	71	15	0	423	493	2191684	2191614	5.18e-04	61.7
Query_2463447	OZ291595.1	77.333	75	12	2	423	492	2191727	2191653	0.022	55.4
Query_2463447	OZ291595.1	77.027	74	13	2	423	492	2192299	2192226	0.27	52.7
Query_2463447	OZ291595.1	75.362	69	12	1	420	488	10992863	10992926	3.3	49.1
Query_2463447	HQ731040.1	77.957	930	143	18	69	980	794	1679	0.0	728
Query_2463447	D26119.2	77.957	930	143	18	69	980	794	1679	0.0	728
Query_2463447	AH009378.2	76.747	1002	166	23	1	980	503	1459	0.0	721
Query_2463447	X17229.1	77.063	933	145	21	69	980	816	1700	0.0	686
Query_2463447	OZ290779.1	75.914	930	144	17	69	980	51384169	51385036	0.0	664
Query_2463447	OZ290779.1	83.333	72	10	1	420	491	1996770	1996701	8.20e-08	74.3
Query_2463447	OZ290779.1	82.812	64	11	0	429	492	1745400	1745463	1.22e-05	67.1
Query_2463447	OZ290779.1	79.487	78	14	1	417	492	13424216	13424139	1.22e-05	67.1
Query_2463447	OZ290779.1	84.375	64	8	2	429	492	1657575	1657636	4.25e-05	64.4
Query_2463447	OZ290779.1	75.362	69	12	1	420	488	11308992	11309055	3.3	49.1
Query_2463447	OZ291538.1	75.914	930	144	17	69	980	51267883	51268750	0.0	664
Query_2463447	OZ291538.1	83.333	72	10	1	420	491	1999358	1999289	8.20e-08	74.3
Query_2463447	OZ291538.1	82.812	64	11	0	429	492	1748317	1748380	1.22e-05	67.1
Query_2463447	OZ291538.1	79.487	78	14	1	417	492	13468469	13468392	1.22e-05	67.1
Query_2463447	OZ291538.1	84.375	64	8	2	429	492	1660475	1660536	4.25e-05	64.4
Query_2463447	OZ291538.1	75.362	69	12	1	420	488	11342712	11342775	3.3	49.1
Query_2463447	DQ106870.1	79.204	779	108	14	218	980	3	743	0.0	661
Query_2463447	XR_008960788.1	78.543	755	93	13	2	749	702	10	3.46e-177	636
Query_2463447	AF404761.1	78.371	749	115	17	69	803	475	1190	1.57e-162	587
Query_2463447	AF404761.1	79.927	274	40	5	712	980	1177	1440	3.26e-57	238
Query_2463447	XM_008517650.2	77.114	686	84	12	311	980	1	629	5.86e-149	542
Query_2463447	AF417592.1	99.645	282	1	0	660	941	1	282	1.47e-137	505
Query_2463447	AH002176.2	71.792	943	192	20	76	968	629	1547	5.87e-130	479
Query_2463447	DQ010028.1	77.409	602	97	7	69	660	190	762	2.05e-129	477
Query_2463447	AC125082.3	72.240	933	179	25	87	968	24943	24040	7.15e-129	475
Query_2463447	DQ267493.1	79.450	545	74	9	128	660	6	524	8.71e-128	472
Query_2463447	AB425838.1	76.384	614	79	14	383	980	1032	469	2.85e-121	451
Query_2463447	Y18062.1	71.597	933	185	25	87	968	531	1434	9.94e-121	448
Query_2463447	KT315918.1	75.237	634	98	16	365	980	1	593	1.68e-111	417
Query_2463447	KT315919.1	75.079	634	99	16	365	980	1	593	7.16e-110	413
Query_2463447	OM418859.1	74.443	583	94	15	365	933	1	542	1.14e-94	362
Query_2463447	HQ668120.1	70.258	891	211	23	87	966	1448	2295	1.38e-93	358
Query_2463447	XR_001793427.3	86.047	301	40	1	139	439	352	54	2.05e-91	352
Query_2463447	U90335.1	76.645	471	80	10	525	980	1	456	4.52e-87	336
Query_2463447	XM_027594208.2	81.548	336	43	8	653	978	1	327	2.19e-78	308
Query_2463447	XM_004413182.2	81.845	336	42	9	653	978	1	327	2.19e-78	308
Query_2463447	XM_034987715.1	81.548	336	43	8	653	978	1	327	2.19e-78	308
Query_2463447	XM_028121663.1	82.595	316	37	7	673	978	20	327	2.19e-78	307
Query_2463447	XM_045872731.3	81.250	336	44	8	653	978	1	327	2.67e-77	304
Query_2463447	XM_032416599.1	81.138	334	52	6	653	978	1	331	9.33e-77	302
Query_2463447	XM_004418033.2	81.905	315	36	7	673	980	18	318	1.14e-75	299
Query_2463447	XM_021687575.1	81.646	316	41	7	673	978	20	328	4.83e-74	293
Query_2463447	MH144568.1	79.885	348	53	8	627	967	1	338	1.69e-73	292
Query_2463447	KC107767.1	81.270	315	44	6	673	980	5	311	5.89e-73	289
Query_2463447	XM_022494959.1	80.000	335	48	7	653	978	1	325	2.05e-72	288
Query_2463447	MH144569.1	79.310	348	55	8	627	967	1	338	8.74e-71	283
Query_2463447	DQ975234.1	88.636	220	17	3	255	472	3	216	1.06e-69	279
Query_2463447	HG797641.1	78.297	364	61	9	624	980	49	401	3.71e-69	277
Query_2463447	DQ851589.1	80.317	315	47	6	673	980	5	311	1.30e-68	276
Query_2463447	EF528309.1	79.403	335	51	8	653	978	4	329	4.52e-68	274
Query_2463447	EU301609.1	79.403	335	51	8	653	978	4	329	4.52e-68	274
Query_2463447	EU870373.1	87.215	219	20	2	252	468	5	217	1.92e-66	268
Query_2463447	XM_003405632.4	72.233	515	96	15	475	970	1	487	9.97e-64	260
Query_2463447	KP342023.1	80.690	290	41	6	698	980	5	286	3.48e-63	258
Query_2463447	KT274022.1	80.345	290	42	6	698	980	5	286	4.24e-62	253
Query_2463447	XM_017019259.2	100.000	139	0	0	1	139	1	139	1.48e-61	251
Query_2463447	XM_017019262.3	100.000	139	0	0	1	139	1	139	1.48e-61	251
Query_2463447	XM_017019263.3	100.000	139	0	0	1	139	1	139	1.48e-61	251
Query_2463447	XM_054371952.1	99.281	139	1	0	1	139	5	143	6.29e-60	247
Query_2463447	XM_054371951.1	99.281	139	1	0	1	139	5	143	6.29e-60	247
Query_2463447	XM_054371953.1	99.281	139	1	0	1	139	5	143	6.29e-60	247
Query_2463447	AY803777.1	80.524	267	41	3	708	970	5	264	2.20e-59	244
Query_2463447	AY803775.1	80.597	268	39	4	708	970	5	264	7.66e-59	243
Query_2463447	AY803778.1	80.597	268	39	4	708	970	5	264	7.66e-59	243
Query_2463447	AY803776.1	80.597	268	39	4	708	970	5	264	7.66e-59	243
Query_2463447	EF185868.1	81.633	245	30	3	303	546	8	238	2.67e-58	242
Query_2463447	MK844847.1	80.682	264	38	4	712	970	8	263	2.67e-58	241
Query_2463447	MK844851.1	80.682	264	38	4	712	970	7	262	2.67e-58	241
Query_2463447	AF492765.1	80.224	268	40	4	708	970	261	2	9.33e-58	240
Query_2463447	EU159114.1	80.843	261	37	4	708	963	4	256	9.33e-58	240
Query_2463447	EU159116.1	80.370	270	35	6	708	970	53	311	3.26e-57	238
Query_2463447	LC151296.1	79.851	268	41	4	708	970	5	264	3.97e-56	234
Query_2463447	KC852883.1	80.315	254	37	4	708	956	5	250	5.89e-54	227
Query_2463447	AF017143.1	80.156	257	37	5	729	980	3	250	5.89e-54	226
Query_2463447	KM111250.1	79.921	254	38	4	708	956	5	250	7.18e-53	223
Query_2463447	XM_024348023.3	100.000	123	0	0	17	139	1	123	7.18e-53	223
Query_2463447	XM_016924056.4	100.000	123	0	0	17	139	1	123	7.18e-53	223
Query_2463447	XM_024348024.3	100.000	123	0	0	17	139	1	123	7.18e-53	223
Query_2463447	MK837014.1	79.615	260	38	5	716	970	1	250	2.50e-52	222
Query_2463447	XM_069585199.1	79.104	268	41	6	687	947	1	260	3.05e-51	218
Query_2463447	MK837013.1	79.518	249	38	4	712	955	2	242	3.72e-50	214
Query_2463447	MK844853.1	79.675	246	37	4	717	957	1	238	1.30e-49	213
Query_2463447	XM_026013095.2	80.165	242	37	4	743	978	1	237	1.30e-49	213
Query_2463447	XR_014295224.1	79.518	249	45	3	2	249	246	3	1.30e-49	212
Query_2463447	XM_069585194.1	79.592	245	37	4	708	947	6	242	4.53e-49	211
Query_2463447	MK844850.1	79.592	245	37	4	717	956	1	237	4.53e-49	211
Query_2463447	MK844848.1	79.339	242	37	4	717	953	1	234	1.93e-47	205
Query_2463447	MH156811.1	78.740	254	40	5	708	956	5	249	1.93e-47	205
Query_2463447	MK844849.1	79.253	241	37	4	718	953	1	233	6.72e-47	204
Query_2463447	KF202095.1	78.740	254	37	6	708	956	5	246	6.72e-47	204
Query_2463447	XR_014016986.1	85.227	176	26	0	74	249	178	3	2.35e-46	201
</PRE>

